3.872165 0.021810 3.870177 0.021456
1.413583 0.606320 1.417127 0.601456
1.267851 0.641930 1.272894 0.642848
1.187692 0.655210 1.195338 0.650063
1.122768 0.675200 1.131831 0.669620
1.116052 0.673690 1.122506 0.671646
1.060273 0.693230 1.065324 0.691899
1.008985 0.707420 1.015709 0.705633
1.002828 0.707630 1.007549 0.706013
1.042060 0.692810 1.048695 0.691139
0.961719 0.717170 0.968574 0.713734
0.977388 0.712920 0.980228 0.711835
0.941447 0.723760 0.946676 0.720063
0.939339 0.725140 0.940798 0.724494
0.930428 0.726420 0.935315 0.722848
0.922106 0.727810 0.927937 0.727468
0.918045 0.726510 0.923097 0.723608
0.892193 0.737510 0.898109 0.736582
0.909311 0.730130 0.915000 0.726203
0.882453 0.736830 0.888444 0.732468
0.903175 0.730900 0.904661 0.731392
0.891895 0.735660 0.895411 0.731582
0.894944 0.730230 0.901146 0.724873
0.862110 0.743820 0.866318 0.742785
0.874059 0.738540 0.877741 0.737975
0.883183 0.736430 0.889567 0.732848
0.898563 0.732370 0.902081 0.730127
0.882215 0.736260 0.884741 0.733924
0.864148 0.742850 0.865229 0.742405
0.892575 0.733680 0.894925 0.731899
0.863373 0.740520 0.867465 0.733797
0.859052 0.744350 0.864336 0.744494
0.857407 0.743220 0.861816 0.741013
0.875468 0.740140 0.879529 0.738797
0.885989 0.736570 0.888894 0.731076
0.859164 0.744190 0.864632 0.740443
0.882145 0.739130 0.882385 0.740823
0.841588 0.749060 0.848848 0.745886
0.869723 0.742050 0.876454 0.737278
0.843073 0.746660 0.847866 0.746203
0.859374 0.743630 0.865075 0.739684
0.832059 0.749160 0.838357 0.744684
0.831678 0.751460 0.841084 0.749241
0.854276 0.745150 0.860957 0.740316
0.838450 0.749060 0.848779 0.746962
0.833993 0.750790 0.842216 0.746962
0.832405 0.749700 0.839745 0.747911
0.835930 0.750430 0.841337 0.748861
0.838425 0.746920 0.846868 0.746582
0.837371 0.747640 0.842819 0.743734
0.823936 0.752950 0.830716 0.750506
0.818180 0.754770 0.825578 0.753228
0.820334 0.752120 0.829064 0.748544
0.801638 0.758680 0.811221 0.756899
0.831571 0.751740 0.834864 0.750886
0.808382 0.755940 0.816706 0.753038
0.816561 0.755840 0.821077 0.754367
0.807564 0.756370 0.814427 0.755190
0.834382 0.751320 0.840929 0.749620
0.801707 0.760950 0.808834 0.760570
0.809993 0.756980 0.815805 0.755506
0.810792 0.755450 0.818035 0.755380
0.794401 0.761280 0.806578 0.758291
0.805381 0.756630 0.810807 0.752215
0.799022 0.759650 0.808512 0.756013
0.807912 0.756290 0.815860 0.752785
0.821947 0.750220 0.830617 0.747785
0.790587 0.762850 0.796543 0.757025
0.808678 0.757040 0.816623 0.753861
0.801440 0.758860 0.811464 0.755886
0.807222 0.756650 0.813339 0.753861
0.795533 0.762430 0.805814 0.757785
0.812513 0.756840 0.823683 0.752532
0.806859 0.755830 0.816955 0.754684
0.825756 0.747560 0.836459 0.742278
0.815845 0.753810 0.825678 0.752722
0.811060 0.756110 0.820293 0.753165
0.803994 0.756550 0.808828 0.755443
0.797401 0.762700 0.805823 0.758734
0.800546 0.757800 0.810023 0.754810
0.784526 0.762810 0.794280 0.759304
0.801240 0.759280 0.807686 0.757722
0.794855 0.757900 0.805256 0.755696
0.792092 0.759790 0.796523 0.756266
0.813111 0.751580 0.817149 0.750823
0.809031 0.753700 0.822369 0.750506
0.812756 0.753030 0.823506 0.749747
0.805469 0.757250 0.814898 0.754684
0.798868 0.760640 0.805795 0.757405
0.808536 0.754260 0.812647 0.751962
0.799164 0.758040 0.806706 0.755570
0.794425 0.759310 0.802431 0.757405
0.796479 0.758170 0.800235 0.758038
0.784473 0.763830 0.791886 0.760316
0.789325 0.763520 0.794304 0.761899
0.793045 0.761420 0.799763 0.756899
0.810531 0.756500 0.818684 0.751329
0.808341 0.755690 0.812686 0.753608
0.786954 0.762420 0.793272 0.761772
0.780579 0.762030 0.783644 0.762658
0.785339 0.763140 0.791038 0.762405
