3.872994 0.014990 3.874309 0.014051
0.769790 0.759460 0.785361 0.753228
0.611197 0.807630 0.636178 0.797089
0.562569 0.816600 0.586565 0.809241
0.515554 0.830470 0.549570 0.818924
0.523444 0.825870 0.558196 0.814051
0.475287 0.842580 0.509735 0.832215
0.482838 0.836190 0.522497 0.823291
0.466333 0.843330 0.510257 0.830759
0.438235 0.853210 0.482223 0.839684
0.455557 0.845640 0.498076 0.832215
0.445367 0.847580 0.491131 0.833101
0.425891 0.856440 0.471709 0.841772
0.423127 0.855640 0.466954 0.842342
0.428069 0.852940 0.475080 0.837152
0.426282 0.853580 0.470257 0.840506
0.431659 0.851590 0.478759 0.837975
0.438257 0.849230 0.492716 0.835823
0.408391 0.860670 0.456070 0.846456
0.406487 0.859960 0.456831 0.844937
0.418575 0.857490 0.465801 0.841519
0.408773 0.858750 0.458712 0.843608
0.418604 0.856040 0.468068 0.839873
0.405234 0.859110 0.452243 0.845823
0.403327 0.861540 0.450664 0.848418
0.398197 0.861910 0.444798 0.847342
0.409170 0.859470 0.452196 0.847785
0.406312 0.858110 0.454309 0.840127
0.394914 0.863680 0.447378 0.847468
0.399137 0.861870 0.451087 0.845759
0.407311 0.856340 0.454083 0.842658
0.397883 0.863210 0.446829 0.848165
0.395855 0.860910 0.442283 0.846203
0.389254 0.863930 0.439358 0.850443
0.394785 0.860190 0.441916 0.843544
0.397976 0.862680 0.448543 0.847911
0.399371 0.861960 0.455436 0.846203
0.387459 0.864470 0.436739 0.849620
0.390050 0.864240 0.443115 0.849557
0.408085 0.860440 0.461070 0.843291
0.392352 0.863170 0.441562 0.845886
0.392818 0.865540 0.437224 0.851013
0.387290 0.864650 0.436303 0.849937
0.398881 0.862180 0.449547 0.845823
0.393784 0.862350 0.441804 0.850316
0.376602 0.869760 0.428081 0.857658
0.399769 0.860560 0.449686 0.845000
0.396464 0.862910 0.444508 0.848671
0.401085 0.860500 0.455357 0.842785
0.384313 0.865650 0.434387 0.850886
0.385648 0.867290 0.434939 0.851266
0.379173 0.868180 0.429451 0.852975
0.398166 0.861900 0.448826 0.844873
0.378002 0.868820 0.431115 0.852848
0.377345 0.870800 0.425914 0.855696
0.381572 0.867850 0.427216 0.854177
0.380721 0.868140 0.426437 0.853734
0.382302 0.868280 0.430119 0.852215
0.385075 0.867650 0.432470 0.852595
0.377628 0.869680 0.428796 0.855190
0.374150 0.867740 0.420859 0.853797
0.381006 0.865380 0.430552 0.848418
0.371152 0.870990 0.423322 0.854557
0.378691 0.868460 0.429265 0.854051
0.395197 0.862030 0.448518 0.845190
0.382178 0.865660 0.434708 0.851013
0.378552 0.867790 0.428998 0.851709
0.391135 0.862050 0.441712 0.848987
0.367429 0.872840 0.416034 0.858924
0.391766 0.863910 0.447750 0.846456
0.382221 0.867450 0.432727 0.850063
0.375444 0.871330 0.425019 0.854810
0.369405 0.872440 0.415910 0.857215
0.383388 0.866650 0.434250 0.853418
0.372398 0.870810 0.424698 0.855316
0.388853 0.864250 0.443128 0.846139
0.371843 0.870440 0.419782 0.857468
0.380923 0.868840 0.428433 0.853734
0.379366 0.866110 0.428161 0.848987
0.392748 0.863620 0.449252 0.844177
0.373040 0.868710 0.425931 0.854557
0.373238 0.870220 0.420862 0.855443
0.375098 0.870210 0.427781 0.853354
0.379581 0.865390 0.432603 0.848861
0.376918 0.867970 0.426288 0.853671
0.365347 0.873430 0.422529 0.857152
0.368690 0.872000 0.420761 0.856709
0.387267 0.866440 0.441798 0.853924
0.376642 0.868100 0.429837 0.852532
0.378762 0.867970 0.426736 0.852722
0.379462 0.868880 0.432633 0.853544
0.375143 0.868660 0.429545 0.850443
0.371864 0.873440 0.423306 0.857278
0.384990 0.867890 0.439299 0.850063
0.379060 0.870710 0.427728 0.855443
0.374612 0.868760 0.428156 0.852785
0.367644 0.872990 0.418941 0.856835
0.374711 0.870150 0.426288 0.855886
0.383276 0.864930 0.433492 0.851203
0.396243 0.861790 0.447568 0.847785
0.385444 0.867050 0.439774 0.852215
