3.863196 0.025900 3.860433 0.026519
1.059589 0.689870 1.062020 0.686646
0.905026 0.731520 0.908416 0.730253
0.810001 0.757240 0.816473 0.753987
0.782294 0.765590 0.788004 0.763734
0.776420 0.763000 0.782845 0.761013
0.751085 0.766610 0.761277 0.764367
0.748454 0.769880 0.758511 0.765696
0.713915 0.779460 0.721348 0.777785
0.692997 0.785710 0.700070 0.781962
0.691131 0.783920 0.700716 0.778924
0.702190 0.779270 0.711830 0.777722
0.665785 0.789070 0.674270 0.786709
0.674382 0.789220 0.682901 0.787911
0.656800 0.793630 0.667128 0.790949
0.652566 0.794130 0.664001 0.791962
0.644755 0.795720 0.653606 0.792342
0.654801 0.791400 0.667818 0.788987
0.633394 0.799110 0.644795 0.793165
0.634659 0.797160 0.643759 0.794557
0.625879 0.802340 0.636665 0.799494
0.632589 0.798150 0.643540 0.795443
0.622183 0.803660 0.633375 0.800506
0.622722 0.802030 0.633857 0.800190
0.612090 0.806500 0.622681 0.804810
0.644750 0.796610 0.656225 0.793038
0.636731 0.799480 0.649847 0.794873
0.621969 0.801690 0.637572 0.793987
0.614627 0.801710 0.624974 0.799684
0.615810 0.801970 0.627852 0.798861
0.629524 0.800790 0.642669 0.796076
0.622534 0.802370 0.635922 0.798924
0.608212 0.806850 0.621355 0.802405
0.622520 0.803260 0.634939 0.800127
0.600896 0.809970 0.612491 0.806203
0.611176 0.805870 0.618637 0.802975
0.610645 0.801700 0.621813 0.799304
0.630260 0.798840 0.638863 0.796266
0.612976 0.803600 0.626974 0.801835
0.616482 0.803250 0.627403 0.800443
0.609125 0.806090 0.621673 0.801203
0.624240 0.800100 0.639893 0.795949
0.603148 0.808650 0.617917 0.803608
0.630460 0.799450 0.639642 0.796013
0.589798 0.811490 0.603467 0.806646
0.630457 0.800800 0.648300 0.792468
0.605828 0.803740 0.619034 0.798987
0.601111 0.806830 0.611127 0.803354
0.600471 0.808850 0.613226 0.805949
0.605013 0.805740 0.619836 0.800127
0.585961 0.813360 0.599070 0.807215
0.595381 0.809250 0.608158 0.806835
0.614142 0.803790 0.628444 0.799937
0.619090 0.800780 0.632671 0.796203
0.606103 0.806330 0.618706 0.803038
0.619410 0.801070 0.632798 0.796519
0.611445 0.802920 0.630783 0.797405
0.599835 0.804980 0.615149 0.799430
0.603312 0.803950 0.619943 0.799367
0.607415 0.806360 0.623703 0.800127
0.598967 0.805720 0.611832 0.803165
0.601529 0.807250 0.613781 0.803418
0.598872 0.808130 0.611237 0.801266
0.596793 0.808650 0.614630 0.801835
0.587304 0.812370 0.602518 0.806392
0.594203 0.808170 0.608983 0.803734
0.599434 0.807710 0.615486 0.802025
0.604061 0.806940 0.617922 0.801329
0.589225 0.812000 0.604169 0.804810
0.594227 0.808400 0.614068 0.801139
0.605003 0.807030 0.623579 0.798418
0.598806 0.807880 0.611379 0.805380
0.606113 0.805940 0.620100 0.801329
0.603836 0.804390 0.617550 0.800886
0.604998 0.807700 0.617355 0.802658
0.589395 0.813000 0.601113 0.808734
0.597847 0.809830 0.613658 0.803987
0.587520 0.813160 0.603636 0.808671
0.593956 0.810770 0.611998 0.802152
0.611170 0.802410 0.627595 0.799494
0.600156 0.806510 0.622144 0.800253
0.592545 0.811110 0.606574 0.808165
0.595871 0.807730 0.611002 0.800696
0.592930 0.812680 0.608771 0.806709
0.597729 0.807970 0.612753 0.803165
0.582735 0.814700 0.597369 0.809304
0.586931 0.813680 0.600256 0.811392
0.591200 0.811750 0.605006 0.806582
0.593540 0.811480 0.607662 0.806899
0.601664 0.805500 0.617574 0.800949
0.587973 0.811320 0.601381 0.805633
0.594090 0.810060 0.604429 0.805886
0.582384 0.814890 0.596547 0.808671
0.589448 0.810200 0.605384 0.805443
0.596495 0.809690 0.612829 0.805190
0.594099 0.810030 0.611798 0.803608
0.587088 0.811940 0.601252 0.807595
0.585436 0.813610 0.600053 0.807278
0.591524 0.809980 0.605784 0.805570
0.602408 0.807620 0.618255 0.804304
0.582631 0.812420 0.600166 0.805949
