3.868357 0.019710 3.869957 0.019620
0.727002 0.770990 0.743696 0.767342
0.568484 0.815930 0.596970 0.804494
0.510206 0.829500 0.551502 0.817975
0.483945 0.836170 0.530837 0.823924
0.471278 0.837470 0.528386 0.822025
0.438229 0.849110 0.491535 0.833038
0.413664 0.856840 0.469914 0.839241
0.406045 0.860730 0.463296 0.843734
0.403386 0.858580 0.470805 0.840886
0.414697 0.855690 0.483931 0.838228
0.384328 0.865470 0.450461 0.845823
0.371175 0.868410 0.443012 0.848544
0.383417 0.864430 0.452275 0.844304
0.381455 0.864490 0.454973 0.841076
0.350556 0.876190 0.429046 0.854557
0.369468 0.868080 0.448744 0.844114
0.376255 0.867650 0.450196 0.846013
0.358619 0.871760 0.434788 0.848481
0.360683 0.871890 0.435169 0.850506
0.342394 0.878260 0.419904 0.857722
0.345031 0.876340 0.423952 0.855127
0.344218 0.876620 0.426279 0.851076
0.345057 0.875770 0.426123 0.852152
0.339782 0.877640 0.426701 0.852658
0.347802 0.874880 0.428522 0.851899
0.338590 0.878980 0.423549 0.853671
0.332253 0.881380 0.413028 0.856899
0.330227 0.881520 0.413341 0.856582
0.329579 0.883020 0.412695 0.858481
0.326373 0.883280 0.410868 0.858165
0.347103 0.874720 0.431516 0.850570
0.333230 0.878690 0.417688 0.856899
0.316868 0.886680 0.402938 0.861772
0.339949 0.878740 0.417913 0.853608
0.327839 0.878940 0.410274 0.853797
0.325022 0.883210 0.408840 0.858418
0.335389 0.877640 0.421202 0.852405
0.334418 0.879970 0.416297 0.857785
0.333597 0.879050 0.422633 0.851709
0.332681 0.880540 0.418020 0.855443
0.343066 0.877060 0.427999 0.851772
0.315559 0.887120 0.399612 0.860190
0.319956 0.883310 0.408143 0.857089
0.324611 0.883110 0.411602 0.853418
0.315820 0.886920 0.400190 0.860127
0.313396 0.885650 0.401228 0.860253
0.313192 0.887590 0.401169 0.860759
0.325598 0.881860 0.417402 0.855696
0.328984 0.881130 0.415462 0.855127
0.320444 0.883000 0.410073 0.855949
0.322806 0.883850 0.409334 0.857722
0.328010 0.881640 0.417111 0.855316
0.317388 0.886270 0.408009 0.859114
0.316342 0.884620 0.406138 0.858924
0.312397 0.887180 0.397483 0.863481
0.314329 0.887430 0.404172 0.857911
0.314241 0.886200 0.405847 0.860570
0.326103 0.879480 0.413530 0.852152
0.330884 0.879330 0.422401 0.853101
0.301260 0.891290 0.388707 0.866329
0.325416 0.881820 0.419541 0.854494
0.323670 0.882290 0.412608 0.857089
0.314947 0.887020 0.405045 0.860443
0.313385 0.886040 0.403593 0.860570
0.314017 0.886250 0.404850 0.858038
0.326409 0.880810 0.409374 0.857532
0.313465 0.886270 0.404792 0.859810
0.313569 0.886770 0.404868 0.855506
0.305229 0.887170 0.400554 0.859367
0.328785 0.878670 0.415130 0.855253
0.306311 0.888140 0.400297 0.860949
0.304943 0.889520 0.395919 0.862089
0.308051 0.888410 0.399233 0.862089
0.311412 0.886760 0.402635 0.858418
0.330543 0.878800 0.422608 0.852405
0.312765 0.887660 0.405208 0.856709
0.308563 0.888280 0.393210 0.862089
0.315747 0.884120 0.404227 0.857785
0.316075 0.885960 0.401524 0.861709
0.307740 0.886830 0.398814 0.860190
0.316235 0.884610 0.406166 0.860886
0.313391 0.884790 0.402489 0.857975
0.314097 0.887350 0.403844 0.861139
0.311712 0.886200 0.403200 0.860886
0.309028 0.888140 0.397644 0.864051
0.302904 0.889230 0.392056 0.862089
0.306549 0.889390 0.395206 0.862595
0.303778 0.890470 0.399172 0.857595
0.318607 0.883580 0.411580 0.855696
0.298189 0.891050 0.389111 0.862342
0.301039 0.891550 0.391776 0.864747
0.307352 0.887950 0.396064 0.862595
0.312108 0.885720 0.405432 0.858228
0.308720 0.888360 0.400572 0.862532
0.303577 0.889790 0.395601 0.862152
0.302824 0.888550 0.394579 0.861392
0.320686 0.881950 0.409532 0.857848
0.315329 0.884450 0.403794 0.860000
0.306778 0.889210 0.395693 0.863608
0.314505 0.886340 0.401883 0.858861
