3.854427 0.024470 3.853552 0.023418
0.856264 0.736950 0.870830 0.732278
0.680080 0.782800 0.701200 0.777025
0.602960 0.804590 0.631705 0.797595
0.566227 0.814610 0.596211 0.807215
0.533626 0.822830 0.567141 0.812848
0.516273 0.826470 0.549578 0.817152
0.498370 0.831690 0.535437 0.822152
0.505907 0.828310 0.542571 0.818734
0.468099 0.841680 0.503040 0.832722
0.468374 0.839010 0.506370 0.830063
0.452796 0.843990 0.497191 0.831709
0.453717 0.842730 0.495885 0.831835
0.441879 0.847300 0.483910 0.833228
0.448432 0.845990 0.490109 0.832785
0.464530 0.840140 0.509840 0.825316
0.432992 0.850380 0.475106 0.838987
0.441802 0.845770 0.484429 0.833734
0.431587 0.850930 0.476101 0.840443
0.430293 0.853840 0.477841 0.840696
0.423080 0.853350 0.470420 0.839367
0.421028 0.853020 0.466126 0.841076
0.427006 0.851810 0.473723 0.837848
0.419122 0.853890 0.460460 0.843924
0.415406 0.856060 0.460363 0.842152
0.423013 0.853250 0.467958 0.837342
0.415582 0.853460 0.461051 0.839873
0.399777 0.859600 0.451913 0.844114
0.413139 0.857110 0.458562 0.847405
0.404987 0.859620 0.453747 0.845633
0.407527 0.859390 0.457159 0.845190
0.417120 0.856070 0.463852 0.841519
0.403019 0.859460 0.446007 0.845949
0.408086 0.857360 0.457425 0.841582
0.396471 0.861460 0.440516 0.848354
0.400029 0.860620 0.445501 0.849620
0.401829 0.859430 0.448785 0.846266
0.399554 0.861130 0.442299 0.849051
0.396943 0.860580 0.443309 0.847658
0.399086 0.860010 0.446270 0.846392
0.409952 0.857640 0.457694 0.844114
0.401836 0.858210 0.448794 0.842975
0.395026 0.860000 0.442629 0.845063
0.396179 0.859800 0.443104 0.846519
0.395006 0.860580 0.445205 0.847595
0.387570 0.864610 0.434330 0.850759
0.396182 0.860670 0.444088 0.847722
0.389357 0.862300 0.434555 0.849367
0.389895 0.864660 0.437255 0.848354
0.390868 0.860770 0.433861 0.847089
0.402629 0.856770 0.448685 0.841772
0.381667 0.865850 0.432633 0.849241
0.388752 0.863240 0.437590 0.848797
0.393284 0.862870 0.441815 0.847658
0.396511 0.859810 0.444477 0.847468
0.391118 0.861430 0.441756 0.847975
0.383145 0.864770 0.431338 0.851899
0.392357 0.862080 0.443920 0.846772
0.398411 0.859430 0.450240 0.843924
0.400502 0.861180 0.448088 0.846772
0.389155 0.862370 0.440496 0.846519
0.384964 0.863890 0.431211 0.851329
0.390944 0.861570 0.438646 0.846772
0.387692 0.863550 0.436497 0.848038
0.384183 0.865770 0.435945 0.848481
0.387173 0.863800 0.432854 0.851076
0.394911 0.859970 0.445224 0.846456
0.391440 0.862180 0.437945 0.848038
0.380815 0.866830 0.428429 0.853481
0.382812 0.866910 0.429936 0.852025
0.376414 0.866730 0.424313 0.852215
0.393825 0.861340 0.444891 0.848481
0.398920 0.859020 0.446210 0.844177
0.381038 0.866390 0.430099 0.852595
0.401275 0.857100 0.445009 0.844620
0.379587 0.865680 0.426542 0.852089
0.387886 0.862000 0.439563 0.844873
0.401598 0.855520 0.451848 0.840316
0.386861 0.864580 0.434910 0.849810
0.389055 0.862570 0.436820 0.846203
0.394103 0.859360 0.438749 0.847215
0.377435 0.868410 0.420318 0.854114
0.380541 0.866350 0.428805 0.851772
0.381609 0.863870 0.430315 0.847405
0.379267 0.865050 0.430059 0.850316
0.380641 0.866440 0.430443 0.850190
0.394952 0.861760 0.442832 0.848418
0.387259 0.861350 0.434383 0.845570
0.386298 0.864290 0.438594 0.848924
0.376465 0.866270 0.426124 0.852089
0.379438 0.865440 0.428934 0.850633
0.376115 0.866900 0.428202 0.850759
0.380272 0.865300 0.430837 0.850886
0.379553 0.865320 0.427505 0.849304
0.393899 0.861170 0.445603 0.847848
0.378444 0.866060 0.430864 0.850570
0.391112 0.862540 0.440837 0.847215
0.374828 0.867920 0.423639 0.853228
0.398978 0.856120 0.448608 0.842215
0.375165 0.867000 0.423869 0.851646
0.383971 0.864640 0.430266 0.850127
