3.858230 0.023790 3.859365 0.020886
0.877092 0.729110 0.891026 0.725633
0.714062 0.775610 0.733547 0.768987
0.633470 0.798550 0.655126 0.792911
0.596537 0.805590 0.618493 0.798608
0.582894 0.809520 0.608294 0.804241
0.551409 0.819080 0.570043 0.815633
0.539260 0.821630 0.560955 0.814241
0.536750 0.820640 0.562519 0.814430
0.518470 0.831240 0.541126 0.825570
0.504402 0.830690 0.534018 0.821709
0.516145 0.828320 0.543527 0.819051
0.505625 0.831420 0.531188 0.824430
0.530306 0.823010 0.558312 0.814937
0.490871 0.836250 0.518003 0.826392
0.479119 0.838640 0.509329 0.828987
0.493676 0.835190 0.520447 0.828165
0.486266 0.836550 0.512564 0.825949
0.478513 0.838440 0.507205 0.828354
0.480313 0.837760 0.510745 0.828291
0.485903 0.834790 0.518840 0.825696
0.479300 0.839140 0.503347 0.833608
0.479475 0.837280 0.511022 0.828228
0.476328 0.838220 0.506030 0.828797
0.466693 0.841980 0.494263 0.834810
0.474850 0.840870 0.506381 0.830823
0.480105 0.837710 0.509965 0.829114
0.462097 0.843070 0.491266 0.832658
0.471886 0.841220 0.504064 0.829114
0.465475 0.843570 0.496053 0.833797
0.472952 0.841000 0.506261 0.831646
0.465012 0.844260 0.494657 0.831709
0.466765 0.845390 0.493554 0.839177
0.453997 0.846470 0.483782 0.838734
0.470479 0.834560 0.505930 0.823608
0.456097 0.842090 0.485506 0.830127
0.490010 0.835490 0.526360 0.824304
0.453801 0.847920 0.485142 0.840000
0.460123 0.845880 0.490054 0.836962
0.467608 0.837920 0.500767 0.825506
0.452167 0.846570 0.484596 0.835696
0.457978 0.846960 0.491471 0.837722
0.449701 0.847050 0.477133 0.837658
0.457577 0.844640 0.491573 0.834114
0.448781 0.849530 0.477674 0.840696
0.457178 0.843370 0.488791 0.834367
0.444205 0.850600 0.472866 0.838165
0.447837 0.849000 0.478528 0.838924
0.458835 0.844590 0.489111 0.838354
0.445074 0.847340 0.478527 0.834873
0.459565 0.843320 0.489139 0.835570
0.467107 0.841170 0.496532 0.835000
0.450818 0.847180 0.483059 0.837278
0.446654 0.847280 0.478326 0.836139
0.450991 0.846460 0.481300 0.837089
0.452163 0.845690 0.483916 0.837278
0.456167 0.845000 0.492696 0.834177
0.466333 0.842440 0.499537 0.832785
0.465791 0.842130 0.493669 0.834051
0.482587 0.839130 0.512951 0.830949
0.455823 0.846840 0.485169 0.838797
0.436412 0.852550 0.464883 0.845190
0.451944 0.846460 0.480646 0.838608
0.455279 0.844180 0.490464 0.833165
0.441993 0.849050 0.474592 0.838987
0.454643 0.845700 0.487968 0.834937
0.452403 0.848750 0.483155 0.837975
0.454573 0.848340 0.486730 0.838861
0.447452 0.849550 0.478159 0.836962
0.439613 0.851630 0.470069 0.841266
0.445057 0.849200 0.477248 0.838418
0.462398 0.844170 0.493352 0.833924
0.443740 0.850130 0.473124 0.841772
0.459651 0.844330 0.495697 0.834684
0.451603 0.848190 0.484971 0.836266
0.460622 0.845000 0.494074 0.834747
0.446476 0.849660 0.476723 0.839684
0.444301 0.849930 0.475550 0.841266
0.439211 0.850520 0.473623 0.839684
0.436295 0.852690 0.468050 0.842658
0.454045 0.846070 0.488853 0.839494
0.436902 0.850470 0.467959 0.838924
0.457311 0.844870 0.490714 0.834873
0.454021 0.847170 0.486052 0.838797
0.442484 0.849540 0.472435 0.839241
0.436927 0.851030 0.465460 0.843671
0.451660 0.847630 0.482845 0.839051
0.455550 0.844070 0.488397 0.833797
0.446331 0.847790 0.477559 0.837215
0.435617 0.851910 0.462680 0.844241
0.441846 0.851090 0.469497 0.843165
0.438621 0.852190 0.468700 0.840253
0.451129 0.845460 0.481921 0.835000
0.460784 0.842070 0.492594 0.832152
0.450158 0.847150 0.482742 0.837975
0.451409 0.847650 0.485035 0.839051
0.441811 0.850010 0.473567 0.838671
0.455084 0.846830 0.482038 0.838481
0.453204 0.844640 0.484330 0.835063
0.455931 0.843650 0.489085 0.834241
0.437507 0.850000 0.471227 0.838354
