3.867880 0.016150 3.867527 0.015949
1.320161 0.626480 1.329341 0.622848
1.098158 0.680260 1.104707 0.679557
0.985707 0.708650 0.992152 0.703165
0.972736 0.710130 0.977069 0.707532
0.896822 0.733540 0.902123 0.733038
0.852440 0.746340 0.859335 0.740570
0.841543 0.744550 0.846701 0.740696
0.832791 0.745630 0.841663 0.740316
0.807619 0.756430 0.812825 0.752342
0.793440 0.756860 0.799971 0.752532
0.804032 0.754350 0.809867 0.751772
0.793489 0.760860 0.800467 0.759684
0.787483 0.760360 0.793481 0.757532
0.772074 0.764400 0.778599 0.760823
0.770994 0.762520 0.779714 0.755063
0.758656 0.767620 0.763887 0.766139
0.749395 0.771040 0.756000 0.768354
0.741753 0.769320 0.747203 0.767911
0.755770 0.767210 0.761358 0.763101
0.751847 0.768150 0.754556 0.767848
0.746183 0.770870 0.748158 0.769241
0.747091 0.769650 0.754950 0.766203
0.732563 0.775330 0.733947 0.772658
0.747493 0.767350 0.750073 0.767215
0.732267 0.774780 0.736128 0.773291
0.719490 0.777820 0.724579 0.773354
0.708613 0.783160 0.714801 0.781519
0.742301 0.772380 0.748527 0.770063
0.720630 0.778110 0.722992 0.777785
0.734454 0.773340 0.737556 0.772215
0.715081 0.782510 0.719971 0.782975
0.720311 0.777790 0.725891 0.776329
0.713371 0.781700 0.721657 0.781203
0.716754 0.777050 0.721056 0.779304
0.718901 0.779470 0.723759 0.777468
0.712428 0.778210 0.720467 0.776013
0.737011 0.776970 0.741523 0.774494
0.716624 0.780330 0.725564 0.777722
0.727147 0.775810 0.731942 0.776709
0.705253 0.779600 0.713187 0.776835
0.700478 0.786520 0.703631 0.786772
0.726037 0.777630 0.729365 0.775886
0.696806 0.784450 0.700806 0.783291
0.723249 0.774780 0.723777 0.771709
0.717282 0.779830 0.718997 0.777025
0.711850 0.782250 0.716150 0.780000
0.704468 0.781810 0.705668 0.779620
0.698655 0.785420 0.703223 0.783481
0.705494 0.781430 0.710777 0.779557
0.697501 0.784290 0.702085 0.782342
0.697047 0.785570 0.699363 0.784747
0.703868 0.781550 0.703543 0.783101
0.686617 0.789610 0.690709 0.789051
0.672369 0.794090 0.675811 0.792152
0.702485 0.781480 0.704626 0.782468
0.723414 0.778990 0.731570 0.775633
0.687278 0.788780 0.689960 0.788165
0.680318 0.792070 0.679536 0.790380
0.692397 0.782120 0.693758 0.782405
0.696135 0.785500 0.701266 0.785633
0.682973 0.784890 0.686813 0.782595
0.688802 0.787000 0.690024 0.786962
0.732917 0.772460 0.736442 0.771646
0.685506 0.788110 0.688657 0.785506
0.701147 0.784570 0.701018 0.783038
0.717692 0.775610 0.718616 0.772278
0.674622 0.790190 0.679517 0.788797
0.688555 0.787220 0.691936 0.786456
0.680710 0.793970 0.682177 0.790823
0.696774 0.785470 0.701459 0.783671
0.704666 0.779030 0.708424 0.775759
0.693548 0.787190 0.698061 0.783291
0.703865 0.784600 0.706563 0.785190
0.688869 0.787490 0.690098 0.786139
0.703091 0.782050 0.703603 0.781899
0.701178 0.787390 0.703570 0.787975
0.684799 0.790460 0.690250 0.788228
0.715737 0.780830 0.717571 0.780696
0.706068 0.784230 0.708714 0.780759
0.710674 0.779250 0.715047 0.778734
0.685679 0.788260 0.686887 0.790316
0.687474 0.788320 0.691249 0.786709
0.709635 0.782930 0.710530 0.783671
0.682342 0.790450 0.683986 0.787658
0.696117 0.789630 0.696327 0.787785
0.685607 0.791330 0.686674 0.789367
0.676440 0.790050 0.677382 0.792089
0.683406 0.789570 0.683163 0.786835
0.697328 0.786910 0.701880 0.783354
0.687210 0.788130 0.689985 0.785127
0.703393 0.783040 0.707218 0.784177
0.707960 0.781990 0.710624 0.780190
0.713550 0.781740 0.719545 0.778544
0.704813 0.779010 0.708073 0.778797
0.692306 0.786300 0.698538 0.784241
0.675283 0.791530 0.676089 0.790063
0.685102 0.788120 0.688182 0.784241
0.672345 0.793220 0.677895 0.788354
0.683028 0.789270 0.684672 0.786899
0.705384 0.783320 0.708117 0.780886
