3.858722 0.014750 3.859064 0.015380
1.993375 0.445280 1.999282 0.439177
1.682618 0.542580 1.690460 0.539367
1.616743 0.539820 1.624566 0.538987
1.418392 0.607070 1.421723 0.602278
1.380039 0.606780 1.385117 0.606582
1.298355 0.632170 1.300117 0.631139
1.266388 0.645710 1.268417 0.644494
1.224430 0.656030 1.226717 0.651582
1.201207 0.667440 1.202054 0.666519
1.184980 0.672760 1.184723 0.672089
1.151597 0.677610 1.152547 0.674430
1.124418 0.686250 1.126232 0.681329
1.097675 0.689240 1.098292 0.688987
1.094892 0.690200 1.097034 0.689873
1.117403 0.682360 1.116259 0.684557
1.073752 0.697350 1.074039 0.697911
1.089445 0.690440 1.089231 0.692342
1.083115 0.693070 1.082788 0.694051
1.064189 0.695000 1.065130 0.692468
1.071990 0.699810 1.073703 0.697215
1.047704 0.703910 1.050021 0.702089
1.044564 0.705080 1.045157 0.703165
1.034000 0.705970 1.036230 0.706076
1.051609 0.700020 1.050849 0.701392
1.053270 0.696150 1.053628 0.692152
1.055076 0.703590 1.058343 0.701013
1.044126 0.704700 1.047181 0.702595
1.056484 0.695000 1.055976 0.695506
1.060382 0.692230 1.062093 0.688734
1.033592 0.705040 1.033938 0.705000
1.021687 0.711740 1.022161 0.708354
1.010367 0.714010 1.011217 0.712658
1.040783 0.702600 1.044838 0.699241
1.062686 0.700030 1.065490 0.698481
1.070057 0.698520 1.073958 0.697722
0.987193 0.720230 0.988656 0.717405
1.045218 0.701340 1.046582 0.700063
1.033714 0.706560 1.036781 0.702848
1.024250 0.708960 1.025213 0.707722
1.041374 0.707440 1.040435 0.703481
1.035195 0.704840 1.039679 0.703481
1.052817 0.699340 1.050836 0.697532
1.048308 0.702270 1.049659 0.704873
1.033652 0.706720 1.033996 0.706519
1.007327 0.711110 1.010062 0.710063
1.058219 0.695040 1.058676 0.695380
1.042054 0.702520 1.045182 0.700443
1.031121 0.706130 1.036443 0.705949
1.032395 0.701700 1.035684 0.699241
1.013564 0.712230 1.014486 0.707152
1.013329 0.713800 1.017810 0.711582
1.001855 0.715570 1.005337 0.716392
1.005782 0.710650 1.006233 0.709114
1.008265 0.712250 1.012646 0.708671
1.010245 0.712710 1.011381 0.707025
1.010955 0.712450 1.015150 0.711962
1.012239 0.712340 1.015184 0.709367
1.004718 0.711760 1.005420 0.711329
1.017865 0.711940 1.019158 0.707215
1.009659 0.708640 1.012576 0.706266
0.976455 0.719910 0.976897 0.717278
1.025393 0.705810 1.029533 0.705316
1.004837 0.711890 1.005336 0.711772
1.021543 0.703310 1.026628 0.700823
0.979569 0.716640 0.983306 0.715000
0.997600 0.715130 1.000380 0.716076
0.997595 0.717290 1.002203 0.718418
0.996224 0.717780 0.996790 0.715570
0.993316 0.715610 0.995372 0.713987
1.000152 0.712390 1.001501 0.715570
0.977318 0.715310 0.977447 0.714051
0.994081 0.710660 0.992789 0.711139
0.967238 0.721960 0.968822 0.722785
0.987869 0.716750 0.984578 0.717025
1.007025 0.714830 1.007750 0.713924
1.003967 0.715850 1.006795 0.713734
0.990541 0.717200 0.994379 0.714241
0.990379 0.710890 0.992583 0.707152
0.988975 0.714440 0.989676 0.713734
0.984085 0.718430 0.988141 0.713734
0.994252 0.716110 0.997392 0.712595
0.999043 0.709870 0.996547 0.709620
1.093172 0.682860 1.099484 0.679241
0.973254 0.717690 0.975368 0.715886
0.982540 0.715190 0.986053 0.714114
1.034064 0.705040 1.035750 0.704810
0.973032 0.718950 0.972973 0.717405
0.975678 0.721090 0.976333 0.720127
0.958033 0.726550 0.961793 0.725443
0.963356 0.722190 0.965013 0.720443
0.981650 0.722660 0.984867 0.718481
0.990098 0.716520 0.992368 0.713228
0.979505 0.718390 0.979123 0.716076
0.994262 0.715730 0.996946 0.714937
0.979436 0.722090 0.981916 0.717342
0.973815 0.729720 0.974836 0.728481
0.989984 0.723110 0.993131 0.720949
0.976483 0.724300 0.977127 0.724304
0.980446 0.712870 0.980823 0.710570
0.976139 0.719150 0.978646 0.716835
