3.852998 0.010700 3.851699 0.010886
1.042748 0.692190 1.050576 0.688481
0.815121 0.744550 0.825843 0.743544
0.726187 0.771960 0.746654 0.764177
0.663865 0.786500 0.682618 0.783544
0.623953 0.795890 0.650291 0.785949
0.591613 0.803310 0.620697 0.795316
0.569812 0.807380 0.602071 0.798734
0.543021 0.819080 0.578505 0.808861
0.529229 0.821860 0.565855 0.810443
0.519056 0.821610 0.560293 0.809684
0.505380 0.827420 0.545698 0.817468
0.496046 0.828960 0.540072 0.817532
0.494012 0.832040 0.539968 0.819747
0.483666 0.832950 0.529701 0.818354
0.473822 0.837690 0.524667 0.824873
0.465409 0.838110 0.517429 0.825316
0.469818 0.834560 0.524197 0.820316
0.464073 0.837860 0.516275 0.823544
0.451094 0.842410 0.509494 0.828481
0.451064 0.841770 0.512042 0.827152
0.440639 0.845740 0.498273 0.830063
0.441913 0.844100 0.501663 0.828481
0.431621 0.848710 0.491992 0.832785
0.433049 0.847290 0.497568 0.832152
0.425030 0.849840 0.486304 0.834304
0.426530 0.848290 0.493303 0.832089
0.425305 0.849880 0.491372 0.831962
0.417942 0.850780 0.491229 0.832468
0.419898 0.851830 0.487962 0.834430
0.410602 0.854430 0.484663 0.834177
0.418998 0.852720 0.491304 0.833797
0.410012 0.854450 0.481661 0.835633
0.413369 0.853050 0.487215 0.833671
0.407793 0.854350 0.485804 0.833797
0.404088 0.855060 0.477396 0.836139
0.409510 0.854950 0.487133 0.834494
0.400026 0.856930 0.477970 0.835823
0.401413 0.856910 0.481177 0.836203
0.395070 0.858970 0.474650 0.837658
0.393277 0.858410 0.477272 0.835443
0.393339 0.858490 0.475726 0.836266
0.391427 0.861110 0.476042 0.834810
0.389274 0.860620 0.471934 0.838924
0.395359 0.857560 0.481959 0.835253
0.394063 0.857940 0.477909 0.835380
0.391631 0.859150 0.478457 0.837152
0.387702 0.859810 0.470727 0.836646
0.384359 0.861830 0.470554 0.839177
0.385194 0.861920 0.470376 0.836646
0.386989 0.861080 0.471439 0.838418
0.381345 0.862240 0.469262 0.835886
0.385711 0.860180 0.472399 0.839684
0.382622 0.860420 0.469044 0.839304
0.380578 0.863280 0.471809 0.838418
0.381318 0.862880 0.475477 0.838165
0.377476 0.863740 0.473688 0.837152
0.372707 0.865600 0.470856 0.841203
0.375842 0.863390 0.469848 0.839684
0.379212 0.862950 0.472371 0.840000
0.374997 0.864950 0.468474 0.838671
0.373349 0.865120 0.473637 0.837722
0.371840 0.865030 0.473256 0.838924
0.371546 0.866540 0.468965 0.839430
0.376266 0.863420 0.476606 0.837532
0.373246 0.864600 0.468685 0.837342
0.369813 0.865690 0.466932 0.838291
0.366797 0.867240 0.465349 0.839810
0.368668 0.865760 0.467797 0.839177
0.369126 0.865350 0.470752 0.838987
0.367577 0.866080 0.470447 0.839620
0.367711 0.866900 0.469364 0.840443
0.371291 0.864780 0.477764 0.836646
0.366520 0.865850 0.470535 0.837468
0.373087 0.863520 0.473911 0.835316
0.367264 0.866410 0.469713 0.836899
0.364850 0.864380 0.471160 0.836139
0.363878 0.867280 0.465873 0.841139
0.363670 0.867010 0.465371 0.839241
0.363362 0.866710 0.468745 0.839557
0.360377 0.868680 0.465550 0.840823
0.358749 0.867690 0.465457 0.841709
0.363956 0.866690 0.466418 0.841646
0.359612 0.868920 0.468275 0.840696
0.363816 0.866580 0.472983 0.835823
0.360624 0.868070 0.467084 0.840570
0.356552 0.868600 0.464561 0.838924
0.356454 0.870150 0.464105 0.838165
0.355809 0.870420 0.466476 0.840949
0.354530 0.870000 0.464159 0.843734
0.362296 0.868360 0.468498 0.840000
0.356928 0.869540 0.468747 0.840127
0.356696 0.869190 0.472018 0.838671
0.356417 0.870050 0.465231 0.839937
0.351235 0.870530 0.461424 0.838734
0.355868 0.868830 0.469893 0.838165
0.353380 0.869530 0.467502 0.838797
0.356683 0.869430 0.471427 0.838797
0.356323 0.868530 0.464358 0.839620
0.356445 0.870130 0.467308 0.839241
0.349361 0.872440 0.459291 0.842848
