3.874584 0.013810 3.875166 0.014051
1.311549 0.625280 1.315268 0.620949
1.167077 0.666720 1.171575 0.663038
1.081622 0.687450 1.084929 0.682089
1.029606 0.698880 1.030773 0.699241
0.997502 0.703980 1.002742 0.699937
0.971410 0.712950 0.978090 0.709684
0.935865 0.725480 0.941874 0.724304
0.918522 0.729780 0.922896 0.727975
0.930247 0.724010 0.939454 0.723354
0.909290 0.725750 0.918646 0.724810
0.919547 0.720670 0.927009 0.716203
0.887184 0.733590 0.891258 0.729810
0.870192 0.737940 0.872242 0.735127
0.847679 0.746970 0.851388 0.746899
0.865603 0.738070 0.870552 0.738608
0.867749 0.736680 0.871614 0.735759
0.840027 0.745500 0.844938 0.745127
0.833764 0.747770 0.840876 0.750443
0.833731 0.746930 0.839521 0.747975
0.819986 0.754200 0.825463 0.752152
0.823883 0.750520 0.832599 0.750190
0.816299 0.752430 0.823477 0.748797
0.819410 0.751270 0.829533 0.751139
0.829528 0.752320 0.838838 0.747595
0.822058 0.748510 0.829254 0.747911
0.821430 0.747780 0.832608 0.747785
0.813222 0.751410 0.824350 0.750506
0.808106 0.753210 0.817495 0.750696
0.797231 0.756750 0.808598 0.756456
0.794273 0.756520 0.804087 0.754051
0.791467 0.759240 0.801339 0.757089
0.823776 0.743230 0.833501 0.740443
0.788259 0.758480 0.796014 0.759367
0.793758 0.756840 0.807270 0.750823
0.799452 0.753400 0.812675 0.747152
0.801824 0.752710 0.812812 0.753924
0.801991 0.754870 0.814934 0.751013
0.796437 0.755780 0.809913 0.750823
0.793312 0.755710 0.804111 0.754367
0.778005 0.762100 0.793351 0.758165
0.783604 0.758700 0.792914 0.759747
0.791168 0.756590 0.801268 0.754557
0.791639 0.754640 0.800980 0.749367
0.801528 0.750820 0.811729 0.745570
0.778204 0.759820 0.784482 0.758544
0.772220 0.761890 0.782937 0.759430
0.771042 0.766210 0.778145 0.766203
0.792127 0.753570 0.806207 0.751329
0.759441 0.767170 0.769908 0.763544
0.772081 0.762350 0.778451 0.759367
0.761513 0.766310 0.772380 0.766709
0.779756 0.759070 0.790676 0.754810
0.779072 0.759580 0.791001 0.760696
0.802913 0.751520 0.822871 0.744747
0.779877 0.756710 0.795049 0.752595
0.777017 0.759310 0.784577 0.757658
0.763885 0.763720 0.774831 0.763544
0.761337 0.766520 0.772056 0.764367
0.772306 0.762510 0.780721 0.761013
0.771504 0.759210 0.779136 0.761329
0.778706 0.757040 0.795793 0.753418
0.758130 0.764900 0.772085 0.761139
0.779665 0.757410 0.792609 0.755380
0.776371 0.761670 0.786261 0.760127
0.756642 0.767280 0.768740 0.762722
0.755388 0.766150 0.763200 0.762278
0.780337 0.757410 0.792875 0.754304
0.778457 0.760210 0.793983 0.757342
0.758311 0.766530 0.766509 0.761709
0.763717 0.762970 0.776261 0.757658
0.747275 0.769260 0.758182 0.764367
0.747619 0.768140 0.758246 0.764494
0.757772 0.765470 0.768624 0.763671
0.753192 0.767140 0.762848 0.764367
0.755806 0.765310 0.765353 0.764810
0.762416 0.764950 0.776138 0.759557
0.757718 0.763230 0.770464 0.760190
0.752344 0.766110 0.764889 0.767089
0.750381 0.768870 0.763804 0.766709
0.762959 0.764500 0.775379 0.760696
0.752226 0.765170 0.766498 0.760696
0.744554 0.768960 0.755887 0.764810
0.738427 0.773480 0.751698 0.771139
0.740793 0.770140 0.752124 0.765443
0.750766 0.768050 0.761747 0.769367
0.747397 0.769940 0.760639 0.764051
0.747436 0.769900 0.758333 0.767405
0.741635 0.771620 0.754939 0.769051
0.741340 0.768090 0.749725 0.769177
0.756643 0.765340 0.770727 0.756709
0.763464 0.763220 0.774532 0.760190
0.747666 0.765280 0.760589 0.763671
0.745459 0.769910 0.757855 0.766139
0.743174 0.766700 0.752952 0.764557
0.744606 0.766570 0.753853 0.764241
0.731696 0.773200 0.743381 0.767785
0.744653 0.767830 0.759497 0.766392
0.747668 0.769140 0.762093 0.765443
0.753577 0.767330 0.766779 0.766013
0.774992 0.759120 0.784229 0.756456
