3.880717 0.012310 3.883730 0.011519
3.850119 0.021740 3.850449 0.020127
3.850123 0.021750 3.850516 0.019810
3.850119 0.021750 3.850575 0.019810
3.850125 0.021750 3.850602 0.019810
3.850117 0.021740 3.850513 0.020127
3.850132 0.021730 3.850570 0.019620
3.850129 0.021730 3.850557 0.019620
3.850123 0.021730 3.850530 0.019620
3.850124 0.021740 3.850559 0.020127
3.850124 0.021740 3.850448 0.020127
3.850122 0.021740 3.850635 0.020127
3.850118 0.021740 3.850570 0.020127
3.850114 0.021740 3.850587 0.020127
3.850114 0.021740 3.850608 0.020127
3.850117 0.021730 3.850625 0.019620
3.850116 0.021730 3.850649 0.019620
3.850118 0.021740 3.850543 0.020127
3.850123 0.021730 3.850598 0.019620
3.850117 0.021470 3.850646 0.019937
3.850127 0.021730 3.850523 0.019620
3.850123 0.021730 3.850621 0.019620
3.850116 0.021740 3.850567 0.020127
3.850120 0.021740 3.850603 0.020127
3.850127 0.021540 3.850627 0.020443
3.850113 0.021730 3.850505 0.019620
3.850122 0.021730 3.850428 0.019620
3.850120 0.021750 3.850531 0.019810
3.850121 0.021750 3.850538 0.019810
3.850121 0.021750 3.850512 0.019810
3.850122 0.021750 3.850612 0.019810
3.850119 0.021750 3.850642 0.019810
3.850122 0.021750 3.850479 0.019810
3.850120 0.021750 3.850445 0.019810
3.850121 0.021740 3.850545 0.020127
3.850117 0.021740 3.850543 0.020127
3.850111 0.021750 3.850536 0.019810
3.850121 0.021730 3.850577 0.019620
3.850121 0.021750 3.850639 0.019810
3.850118 0.021740 3.850632 0.020127
3.850120 0.021340 3.850537 0.021646
3.850122 0.021730 3.850463 0.019620
3.850121 0.021740 3.850533 0.020127
3.850119 0.021740 3.850549 0.020127
3.850121 0.021740 3.850638 0.020127
3.850115 0.021740 3.850668 0.020127
3.850116 0.021730 3.850554 0.019620
3.850115 0.021730 3.850573 0.019620
3.850120 0.021730 3.850532 0.019620
3.850121 0.021730 3.850454 0.019620
3.850122 0.021490 3.850459 0.020127
3.850121 0.021730 3.850506 0.019620
3.850116 0.021390 3.850573 0.021076
3.850119 0.021540 3.850608 0.020443
3.850117 0.021730 3.850545 0.019620
3.850126 0.021730 3.850440 0.019620
3.850115 0.021730 3.850500 0.019620
3.850114 0.021750 3.850534 0.019810
3.850118 0.021750 3.850644 0.019810
3.850122 0.021730 3.850631 0.019620
3.850124 0.021470 3.850540 0.019937
3.850120 0.021750 3.850514 0.019810
3.850126 0.021730 3.850640 0.019620
3.850121 0.021730 3.850589 0.019620
3.850118 0.021730 3.850516 0.019620
3.850119 0.021740 3.850548 0.020127
3.850127 0.021350 3.850622 0.020190
3.850113 0.021730 3.850498 0.019620
3.850114 0.021730 3.850659 0.019620
3.850126 0.021740 3.850485 0.020127
3.850123 0.021740 3.850594 0.020127
3.850129 0.021750 3.850521 0.019810
3.850122 0.021730 3.850587 0.019620
3.850123 0.021750 3.850501 0.019810
3.850123 0.021730 3.850637 0.019620
3.850111 0.021730 3.850582 0.019620
3.850120 0.021440 3.850634 0.022278
3.850122 0.021750 3.850717 0.019810
3.850128 0.021750 3.850642 0.019810
3.850116 0.021750 3.850572 0.019810
3.850118 0.021750 3.850593 0.019810
3.850119 0.021540 3.850517 0.020443
3.850118 0.021750 3.850497 0.019810
3.850123 0.021750 3.850536 0.019810
3.850116 0.021340 3.850487 0.022089
3.850119 0.021730 3.850572 0.019620
3.850121 0.021740 3.850651 0.020127
3.850123 0.021730 3.850621 0.019620
3.850121 0.021730 3.850617 0.019620
3.850115 0.021750 3.850586 0.019810
3.850127 0.021740 3.850473 0.020127
3.850123 0.021750 3.850478 0.019810
3.850121 0.021730 3.850535 0.019620
3.850120 0.021750 3.850628 0.019810
3.850122 0.021740 3.850496 0.020127
3.850114 0.021730 3.850537 0.019620
3.850116 0.021740 3.850524 0.020127
3.850116 0.021740 3.850534 0.020127
3.850124 0.021440 3.850573 0.022278
3.850121 0.021750 3.850430 0.019810
3.850121 0.021540 3.850458 0.020443
