3.868955 0.020440 3.866814 0.021899
1.055110 0.689490 1.062495 0.685380
0.865210 0.738840 0.875100 0.733228
0.790805 0.757470 0.797640 0.755570
0.770301 0.757710 0.778770 0.753861
0.748971 0.767620 0.758871 0.765443
0.734514 0.769830 0.746462 0.768671
0.709650 0.776920 0.721237 0.774304
0.699466 0.780690 0.715900 0.776392
0.684768 0.785080 0.696915 0.782089
0.686495 0.784180 0.700865 0.776709
0.672086 0.786180 0.689338 0.781456
0.659560 0.792010 0.675242 0.787532
0.661127 0.791190 0.680933 0.787911
0.646068 0.795380 0.662867 0.791646
0.659786 0.791190 0.678653 0.785506
0.659190 0.790860 0.680120 0.781456
0.625037 0.802320 0.645602 0.793861
0.639510 0.795380 0.658962 0.789684
0.641107 0.794940 0.660077 0.789810
0.645332 0.793820 0.666062 0.788734
0.638298 0.797110 0.660191 0.790127
0.631625 0.797910 0.653028 0.792152
0.622945 0.802130 0.646479 0.794177
0.633877 0.797260 0.654992 0.790696
0.627936 0.802080 0.649775 0.798671
0.625937 0.798710 0.647746 0.790823
0.621079 0.802650 0.644467 0.795063
0.631914 0.798700 0.653872 0.791329
0.629698 0.798110 0.650669 0.790316
0.631749 0.797540 0.654262 0.790506
0.612383 0.803240 0.636938 0.797025
0.623648 0.799380 0.647355 0.791392
0.606518 0.805100 0.625409 0.801646
0.611213 0.801420 0.636066 0.794114
0.633592 0.795090 0.657005 0.791329
0.622642 0.799590 0.646053 0.795696
0.615244 0.802940 0.636998 0.795949
0.638482 0.792710 0.660740 0.789367
0.623521 0.800390 0.646607 0.794367
0.608777 0.804290 0.631862 0.798101
0.604250 0.804900 0.632675 0.794620
0.636093 0.796230 0.657962 0.788481
0.620540 0.798840 0.643408 0.794494
0.614687 0.801600 0.639224 0.795380
0.595985 0.807720 0.621568 0.799114
0.608191 0.802470 0.632947 0.795886
0.600838 0.804630 0.626766 0.798101
0.627327 0.798020 0.653014 0.790696
0.623867 0.796660 0.648805 0.789367
0.617897 0.799210 0.644777 0.790949
0.626946 0.796680 0.654059 0.791203
0.593230 0.806530 0.620754 0.798544
0.595925 0.807300 0.619166 0.801709
0.606341 0.804000 0.632220 0.795190
0.620181 0.800480 0.643203 0.796962
0.594194 0.806190 0.619505 0.796899
0.606127 0.803920 0.634013 0.797152
0.614401 0.801480 0.643440 0.791456
0.602647 0.803070 0.626878 0.795443
0.600043 0.806860 0.627585 0.798544
0.629671 0.796410 0.656134 0.787595
0.602981 0.804260 0.634815 0.796329
0.593725 0.807600 0.623676 0.797215
0.589389 0.808340 0.615210 0.802975
0.595796 0.809060 0.622280 0.800949
0.623978 0.797100 0.653754 0.787215
0.588346 0.808140 0.618033 0.801582
0.614723 0.800340 0.640895 0.790759
0.611400 0.801560 0.635407 0.792595
0.610562 0.801060 0.642227 0.789430
0.579836 0.810750 0.610117 0.801962
0.613238 0.798760 0.646341 0.789177
0.592358 0.808860 0.620210 0.801646
0.601712 0.803250 0.633319 0.795253
0.581441 0.812000 0.610060 0.805570
0.600302 0.803460 0.631371 0.796329
0.591212 0.809870 0.625724 0.797658
0.604360 0.804230 0.629920 0.795253
0.593629 0.808890 0.622235 0.800253
0.608516 0.800960 0.636744 0.793987
0.591178 0.810440 0.624241 0.800886
0.601286 0.803530 0.634402 0.792215
0.586288 0.809790 0.614623 0.803354
0.591029 0.807700 0.620388 0.796139
0.589261 0.810390 0.616862 0.802215
0.602503 0.804000 0.634191 0.797722
0.593069 0.806600 0.623048 0.798101
0.579931 0.813870 0.612239 0.802025
0.589543 0.809350 0.617045 0.800696
0.582311 0.811890 0.610650 0.803291
0.589415 0.808100 0.621003 0.797658
0.591432 0.808090 0.621802 0.798291
0.598452 0.804210 0.629346 0.793924
0.589741 0.807270 0.618762 0.798797
0.585601 0.809870 0.612572 0.800380
0.590053 0.807420 0.623643 0.794810
0.590588 0.808260 0.619859 0.800823
0.580338 0.811920 0.610483 0.800949
0.576986 0.814500 0.606163 0.806076
0.587430 0.811990 0.615494 0.801519
