3.582271 0.019740 3.863529 0.020759
0.733020 0.764340 0.754347 0.759747
0.591207 0.809980 0.618028 0.801203
0.537672 0.821530 0.572707 0.809177
0.503036 0.831650 0.548055 0.819367
0.502851 0.831440 0.551450 0.819494
0.466356 0.839820 0.517683 0.824177
0.476217 0.834670 0.525546 0.820633
0.450949 0.848270 0.499798 0.834873
0.440112 0.850850 0.495568 0.833481
0.444886 0.847750 0.503641 0.828671
0.412123 0.860440 0.469585 0.841456
0.418619 0.855840 0.473539 0.842468
0.408548 0.859580 0.462707 0.844367
0.417759 0.858870 0.469511 0.842595
0.415404 0.853700 0.470160 0.837595
0.400771 0.861250 0.460245 0.845063
0.396478 0.861690 0.452468 0.840633
0.405006 0.859800 0.463754 0.843165
0.404496 0.861600 0.460199 0.846835
0.392771 0.864880 0.450685 0.847532
0.407848 0.856870 0.465409 0.840000
0.398476 0.860970 0.461401 0.842025
0.394369 0.862600 0.453176 0.842911
0.396778 0.861810 0.453024 0.845696
0.409949 0.856850 0.471426 0.837658
0.386003 0.866550 0.447189 0.847152
0.396327 0.863200 0.456810 0.844494
0.378708 0.869860 0.445124 0.849620
0.424747 0.853090 0.484017 0.837468
0.395139 0.862840 0.460201 0.841646
0.385279 0.864970 0.446796 0.846772
0.387217 0.865370 0.449778 0.845949
0.383203 0.866620 0.446483 0.847405
0.370631 0.871360 0.437312 0.852722
0.367480 0.873150 0.431025 0.851582
0.387429 0.865430 0.446987 0.846962
0.368196 0.870890 0.431922 0.853861
0.393159 0.862630 0.459556 0.842278
0.368428 0.873360 0.433567 0.852595
0.374103 0.869900 0.435939 0.850000
0.363451 0.872560 0.425850 0.852025
0.378389 0.868370 0.445955 0.848354
0.376094 0.867580 0.441595 0.850063
0.382980 0.864160 0.449369 0.846139
0.359224 0.874390 0.424510 0.852278
0.365758 0.873730 0.430719 0.852722
0.372341 0.870490 0.436018 0.848987
0.365871 0.872730 0.431129 0.853354
0.365341 0.873660 0.428789 0.852911
0.370495 0.869400 0.435886 0.850063
0.358944 0.876950 0.422165 0.857342
0.372906 0.868990 0.440093 0.851266
0.366841 0.871120 0.434522 0.849177
0.372732 0.871940 0.440487 0.852025
0.356735 0.875690 0.423546 0.855190
0.365389 0.873000 0.427168 0.854430
0.364407 0.873560 0.426214 0.855949
0.366335 0.872410 0.429916 0.853228
0.362393 0.872550 0.428106 0.852911
0.372328 0.869770 0.440416 0.848671
0.382522 0.866920 0.446569 0.846835
0.374572 0.868070 0.441481 0.847975
0.363625 0.874460 0.428249 0.852532
0.360370 0.871130 0.430587 0.847848
0.363778 0.872840 0.433807 0.850190
0.368523 0.870510 0.441054 0.850316
0.365149 0.871140 0.429035 0.852025
0.369050 0.871100 0.433536 0.849810
0.363137 0.870860 0.429672 0.850633
0.355442 0.876580 0.421452 0.857405
0.366183 0.870230 0.435876 0.851456
0.359382 0.874540 0.432442 0.854304
0.360788 0.874060 0.423859 0.854810
0.372309 0.867820 0.438443 0.847405
0.366480 0.871440 0.436530 0.850443
0.360934 0.875050 0.422259 0.853418
0.359750 0.874530 0.429544 0.854430
0.356700 0.876130 0.421936 0.856013
0.355546 0.875490 0.425243 0.853038
0.365479 0.871880 0.434610 0.849304
0.371078 0.870050 0.444130 0.847152
0.368520 0.872350 0.437155 0.850316
0.362415 0.874270 0.434706 0.851962
0.354558 0.876350 0.422692 0.850190
0.361786 0.873680 0.426894 0.852089
0.368512 0.870190 0.430225 0.852722
0.352167 0.875880 0.418476 0.853797
0.372356 0.870250 0.440062 0.850063
0.355365 0.874260 0.421948 0.853861
0.345502 0.880380 0.412974 0.859747
0.359728 0.875080 0.425001 0.854367
0.374975 0.869290 0.443472 0.848734
0.362335 0.873680 0.429654 0.854494
0.352716 0.876280 0.419225 0.857722
0.363206 0.871730 0.433041 0.847278
0.358240 0.875110 0.422218 0.858038
0.378611 0.868460 0.445919 0.846772
0.358170 0.871980 0.429836 0.850000
0.362267 0.872900 0.427152 0.852215
0.364988 0.872540 0.430992 0.848608
